13,660
13,659
13,658
13,657
18,120
13,656
13,655
13,654
13,653
18,119
13,652
13,651
18,118
13,650
13,649
13,648
13,647
18,117
13,646
13,645
13,18
13,17
13,16
13,13
13,12
13,10
13,9
13,8
13,7
13,5
13,2
13,0
12,8
12,7
12,6
12,5
12,4
12,3
12,2
12,1
12,0
11,6
11,5
11,4
11,3
11,2
11,1
11,0
10,5
10,4
10,3
10,2
10,1
10,0
9,4
9,3
9,2
9,1
9,0
8,5
8,4
8,3
8,2
8,1
8,0
7,3
7,2
7,1
7,0
6,5
6,4
6,3
6,2
6,1
6,0
5,5
5,4
5,3
5,2
5,1
5,0
4,3
4,2
4,1
4,0
3,6
3,5
3,4
3,3
3,2
3,1
3,0
2,5
2,4
2,3
2,2
2,1
2,0
1,3
1,2
1,1
1,0
0,446
0,443
0,423
0,422
0,413
0,391
0,388
0,384
0,324
0,322
0,319
0,314
0,309
0,306
0,243
0,1
13,26
13,15
13,34
13,14
13,1
13,31
13,11
13,6
13,4
13,644
13,3
0,9
0,310
0,305
0,308
0,304
0,303
0,302
0,307
0,12
0,10
0,8
0,0
0,315
0,300
0,438
0,299
0,401
0,298
0,369
0,297
0,433
0,296
0,380
0,295
0,418
0,294
0,354
0,293
0,370
0,292
0,431
0,291
0,368
0,290
0,395
0,289
0,404
0,288
0,336
0,287
0,361
0,286
0,373
0,285
0,344
0,284
0,353
0,283
0,349
0,282
0,317
0,281
0,350
0,280
0,367
0,279
0,379
0,278
0,410
0,277
0,425
0,276
0,377
13,19
13,20
13,22
13,23
13,25
13,27
13,29
13,32
13,33
13,36
13,37
13,39
13,41
13,42
13,44
13,45
13,47
13,48
13,50
13,52
13,64
13,66
13,67
13,69
13,71
13,72
13,74
13,75
13,77
13,78
13,80
13,82
13,83
13,85
13,86
13,88
13,90
13,91
13,93
13,94
13,96
13,97
13,99
13,101
13,102
13,104
13,105
13,107
13,109
13,110
13,112
13,113
13,115
13,117
13,118
13,120
13,121
13,123
13,124
13,126
13,128
13,129
13,131
13,132
13,134
13,136
13,137
13,139
13,140
13,142
13,143
13,145
13,147
13,148
13,150
13,151
13,153
13,155
13,156
13,158
13,159
13,161
13,162
13,164
13,166
13,167
13,169
13,170
13,172
13,174
13,175
13,177
13,178
13,180
13,182
13,183
13,185
13,186
13,188
13,189
13,191
13,193
13,194
13,196
13,197
13,199
13,201
13,202
13,204
13,205
13,207
13,208
13,210
13,212
13,213
13,215
13,216
13,218
13,220
13,221
13,223
13,224
13,226
13,227
13,229
13,231
13,232
13,234
13,235
13,237
13,239
13,240
13,242
13,243
13,245
13,246
13,248
13,250
13,251
13,253
13,254
13,257
13,259
13,260
13,262
13,263
13,265
13,267
13,268
13,270
13,271
13,273
13,274
13,276
13,278
13,279
13,281
13,282
13,284
13,286
13,287
13,289
13,290
13,292
13,293
13,295
13,297
13,298
13,300
13,301
13,303
13,305
13,306
13,308
13,309
13,311
13,312
13,314
13,320
13,321
13,323
13,324
13,326
13,328
13,329
13,331
13,332
13,334
13,336
13,337
13,339
13,340
13,342
13,343
13,345
13,347
13,348
13,350
13,351
13,353
13,355
13,356
13,358
13,359
13,361
13,362
13,364
13,366
13,367
13,369
13,370
13,372
13,374
13,375
13,377
13,378
13,380
13,381
13,383
13,385
13,386
13,388
13,389
13,391
13,393
13,394
13,396
13,397
13,399
13,400
13,402
13,404
13,405
13,407
13,408
13,410
13,412
13,413
13,415
13,416
13,418
13,420
13,421
13,423
13,424
13,426
13,427
13,429
13,431
13,432
13,434
13,435
13,437
13,439
13,440
13,442
13,443
13,445
13,446
13,448
13,450
13,451
13,453
13,454
13,456
13,458
13,459
13,461
13,462
13,464
13,465
13,467
13,469
13,470
13,472
13,473
13,475
13,477
13,478
13,480
13,481
13,483
13,485
13,486
13,488
13,489
13,491
13,492
13,494
13,496
13,497
13,499
13,500
13,502
13,504
13,505
13,513
13,514
13,516
13,517
13,519
13,521
13,522
13,524
13,525
13,527
13,529
13,530
13,532
13,533
13,535
13,536
13,538
13,540
13,541
13,543
13,544
13,546
13,548
13,549
13,551
13,552
13,554
13,556
13,557
13,559
13,560
13,562
13,563
13,576
13,578
13,579
13,581
13,582
13,584
13,586
13,587
13,589
13,590
13,592
13,593
13,595
13,597
13,598
13,600
13,601
13,603
13,605
13,606
13,608
13,609
13,611
13,612
13,614
13,616
13,617
13,619
13,620
13,622
13,641
13,642
14,0
14,1
14,3
14,4
15,0
15,2
15,3
15,5
15,6
15,8
15,10
15,11
15,13
15,14
15,16
15,18
15,19
15,21
15,22
15,24
15,25
15,27
15,29
15,30
15,32
15,33
15,35
15,37
15,38
16,0
16,1
16,3
16,4
16,6
17,0
17,1
17,3
17,4
18,0
18,2
18,3
18,5
18,6
18,8
18,9
18,11
18,13
18,14
18,16
18,17
18,19
18,21
18,22
18,24
18,25
18,27
18,29
18,30
18,32
18,33
18,35
18,64
18,66
18,68
18,69
18,71
18,72
18,74
18,76
18,77
18,79
18,80
18,82
18,83
18,85
18,87
18,88
18,90
18,91
18,93
18,95
18,96
18,98
18,99
18,101
18,102
18,104
18,106
18,107
18,109
18,110
18,112
18,114
18,115
18,128
19,0
19,2
19,3
20,1
20,3
20,4
20,2
20,0
19,1
18,116
18,113
18,111
18,108
18,105
18,103
18,100
18,97
18,94
18,92
18,89
18,86
18,84
18,81
18,78
18,75
18,73
18,70
18,67
18,65
18,34
18,31
18,28
18,26
18,23
18,20
18,18
18,15
18,12
18,10
18,7
18,4
18,1
17,5
17,2
16,7
16,5
16,2
15,39
15,36
15,34
15,31
15,28
15,26
15,23
15,20
15,17
15,15
15,12
15,9
15,7
15,4
15,1
14,5
14,2
13,643
13,640
13,621
13,618
13,615
13,613
13,610
13,607
13,604
13,602
13,599
13,596
13,594
13,591
13,588
13,585
13,583
13,580
13,577
13,564
13,561
13,558
13,555
13,553
13,550
13,547
13,545
13,542
13,539
13,537
13,534
13,531
13,528
13,526
13,523
13,520
13,518
13,515
13,512
13,503
13,501
13,498
13,495
13,493
13,490
13,487
13,484
13,482
13,479
13,476
13,474
13,471
13,468
13,466
13,463
13,460
13,457
13,455
13,452
13,449
13,447
13,444
13,441
13,438
13,436
13,433
13,430
13,428
13,425
13,422
13,419
13,417
13,414
13,411
13,409
13,406
13,403
13,401
13,398
13,395
13,392
13,390
13,387
13,384
13,382
13,379
13,376
13,373
13,371
13,368
13,365
13,363
13,360
13,357
13,354
13,352
13,349
13,346
13,344
13,341
13,338
13,335
13,333
13,330
13,327
13,325
13,322
13,315
13,313
13,310
13,307
13,304
13,302
13,299
13,296
13,294
13,291
13,288
13,285
13,283
13,280
13,277
13,275
13,272
13,269
13,266
13,264
13,261
13,258
13,256
13,252
13,249
13,247
13,244
13,241
13,238
13,236
13,233
13,230
13,228
13,225
13,222
13,219
13,217
13,214
13,211
13,209
13,206
13,203
13,200
13,198
13,195
13,192
13,190
13,187
13,184
13,181
13,179
13,176
13,173
13,171
13,168
13,165
13,163
13,160
13,157
13,154
13,152
13,149
13,146
13,144
13,141
13,138
13,135
13,133
13,130
13,127
13,125
13,122
13,119
13,116
13,114
13,111
13,108
13,106
13,103
13,100
13,98
13,95
13,92
13,89
13,87
13,84
13,81
13,79
13,76
13,73
13,70
13,68
13,65
13,51
13,49
13,46
13,43
13,40
13,38
13,35
13,30
13,28
13,24
13,21
0,275
0,386
0,274
0,429
0,273
0,376
0,272
0,326
0,271
0,339
0,270
0,316
0,269
0,268
0,343
0,267
0,424
0,266
0,392
0,265
0,442
0,264
0,444
0,263
0,337
0,262
0,328
0,261
0,260
0,400
0,259
0,313
0,258
0,320
0,257
0,440
0,256
0,405
0,255
0,351
0,254
0,435
0,253
0,301
0,252
0,312
0,251
0,331
0,250
0,374
0,249
0,340
0,248
0,416
0,247
0,332
0,246
0,441
0,245
0,371
0,244
0,323
0,242
0,383
0,241
0,434
0,240
0,382
0,239
0,348
0,238
0,417
0,237
0,236
0,390
0,235
0,393
0,234
0,366
0,233
0,381
0,232
0,231
0,365
0,230
0,338
0,229
0,358
0,228
0,227
0,378
0,226
0,447
0,225
0,409
0,224
0,359
0,223
0,407
0,222
0,439
0,221
0,352
0,220
0,325
0,219
0,346
0,218
0,414
0,217
0,342
0,216
0,406
0,215
0,360
0,214
0,362
0,213
0,341
0,212
0,411
0,211
0,333
0,210
0,318
0,209
0,355
0,208
0,207
0,335
0,206
0,437
0,205
0,396
0,204
0,375
0,203
0,427
0,202
0,321
0,201
0,330
0,200
0,426
0,199
0,421
0,198
0,399
0,197
0,415
0,196
0,436
0,195
0,432
0,194
0,356
0,193
0,357
0,192
0,385
0,63
0,428
0,62
0,372
0,61
0,445
0,60
0,363
0,59
0,347
0,58
0,397
0,57
0,327
0,56
0,311
0,55
0,394
0,54
0,53
0,329
0,52
0,402
0,51
0,389
0,50
0,334
0,49
0,398
0,48
0,419
0,47
0,412
0,46
0,45
0,345
0,6
0,5
0,11
0,4
0,2
0,3
0,7
